
Klqr = [-0.0000   -0.5502   -0.0000   -0.0000   -0.0516   -0.0000    0.0000   -0.8559    0.6891    0.0000   -0.2911    0.2725;
         0.5502   -0.0000    0.0000    0.0516   -0.0000    0.0000   -0.8559   -0.0000    0.6891   -0.2911   -0.0000    0.2725;
         0.0000    0.5502   -0.0000    0.0000    0.0516   -0.0000   -0.0000    0.8559    0.6891   -0.0000    0.2911    0.2725;
        -0.5502   -0.0000    0.0000   -0.0516   -0.0000    0.0000    0.8559   -0.0000    0.6891    0.2911   -0.0000    0.2725];

    Klqr[1][1] = -0.0000;
    Klqr[1][2] = -0.5502;
    Klqr[1][3] = -0.0000;
    Klqr[1][4] = -0.0000;
    Klqr[1][5] = -0.0516;
    Klqr[1][6] = -0.0000;
    Klqr[1][7] = 0.0000;
    Klqr[1][8] = -0.8559;
    Klqr[1][9] = 0.6891;
    Klqr[1][10] = 0.0000;
    Klqr[1][11] = -0.2911;
    Klqr[1][12] = 0.2725;

    Klqr[2][1] = 0.5502;
    Klqr[2][2] = -0.0000;
    Klqr[2][3] = 0.0000;
    Klqr[2][4] = 0.0516;
    Klqr[2][5] = -0.0000;
    Klqr[2][6] = 0.0000;
    Klqr[2][7] = -0.8559;
    Klqr[2][8] = -0.0000;
    Klqr[2][9] = 0.6891;
    Klqr[2][10] = -0.2911;
    Klqr[2][11] = -0.0000;
    Klqr[2][12] = 0.2725;

    Klqr[3][1] = 0.0000;
    Klqr[3][2] = 0.5502;
    Klqr[3][3] = -0.0000;
    Klqr[3][4] = 0.0000;
    Klqr[3][5] = 0.0516;
    Klqr[3][6] = -0.0000;
    Klqr[3][7] = -0.0000;
    Klqr[3][8] = 0.8559;
    Klqr[3][9] = 0.6891;
    Klqr[3][10] = -0.0000;
    Klqr[3][11] = 0.2911;
    Klqr[3][12] = 0.2725;

    Klqr[4][1] = -0.5502;
    Klqr[4][2] = -0.0000;
    Klqr[4][3] = 0.0000;
    Klqr[4][4] = -0.0516;
    Klqr[4][5] = -0.0000;
    Klqr[4][6] = 0.0000;
    Klqr[4][7] = 0.8559;
    Klqr[4][8] = -0.0000;
    Klqr[4][9] = 0.6891;
    Klqr[4][10] = 0.2911;
    Klqr[4][11] = -0.0000;
    Klqr[4][12] = 0.2725];
    