
Klqr = [  0.0068   -0.0068   -0.0000    0.0006   -0.0006   -0.0000   -0.6052   -0.6052    0.6891   -0.2059   -0.2059    0.2725
         -0.0068   -0.0068    0.0000   -0.0006   -0.0006    0.0000    0.6052   -0.6052    0.6891    0.2059   -0.2059    0.2725
         -0.0068    0.0068   -0.0000   -0.0006    0.0006   -0.0000    0.6052    0.6052    0.6891    0.2059    0.2059    0.2725
          0.0068    0.0068    0.0000    0.0006    0.0006    0.0000   -0.6052    0.6052    0.6891   -0.2059    0.2059    0.2725];

   