%clear all;
%clc;

Kv = [1 0 0 0
      0 1 0 0
      0 0 1 0
      0 0 0 1]';
  
zeta = [1.5 0.7 0]';
omega = 1000*[1 1 1 1]';
w = [0 0 0]';

